[gd_scene load_steps=24 format=3 uid="uid://boqt6aedc5k2e"]

[ext_resource type="PackedScene" uid="uid://bs72ogkvdd7d6" path="res://BOMB-TAG/addons/proto_controller/proto_controller.tscn" id="1_mqm61"]
[ext_resource type="PackedScene" uid="uid://b5lbqwdlk57ef" path="res://BOMB-TAG/assets/brackeys_3d_game_assets/dungeon_assets/building/wall_half_endcap.glb" id="2_73ap0"]
[ext_resource type="PackedScene" uid="uid://dpwmef811635l" path="res://BOMB-TAG/assets/OFFICIAL Building Assets/stairs.tscn" id="3_s0jrv"]
[ext_resource type="PackedScene" uid="uid://d3vqmhd84e11y" path="res://BOMB-TAG/assets/OFFICIAL Building Assets/wall.tscn" id="4_2a04k"]
[ext_resource type="PackedScene" uid="uid://6n8achi2iynu" path="res://BOMB-TAG/assets/OFFICIAL Building Assets/wall_corner.tscn" id="5_yoxcw"]
[ext_resource type="PackedScene" uid="uid://c3k4vtteee0e5" path="res://BOMB-TAG/assets/OFFICIAL Building Assets/wall_doorway_open_1.tscn" id="6_upmvo"]
[ext_resource type="PackedScene" uid="uid://d1dk8qy8we8pu" path="res://BOMB-TAG/assets/OFFICIAL Building Assets/wall_archedwindow_gated.tscn" id="7_u6s5w"]
[ext_resource type="PackedScene" uid="uid://dq7a6de5g51do" path="res://BOMB-TAG/assets/OFFICIAL Building Assets/wall_window_closed.tscn" id="8_ej7tj"]
[ext_resource type="PackedScene" uid="uid://bi1e2i1apdlgs" path="res://BOMB-TAG/assets/OFFICIAL Building Assets/wall_arched.tscn" id="9_for5q"]
[ext_resource type="PackedScene" uid="uid://2vldi74nj2lx" path="res://BOMB-TAG/assets/brackeys_3d_game_assets/dungeon_assets/building/wall_cracked.glb" id="10_3g10a"]
[ext_resource type="PackedScene" uid="uid://dh5i235bcbmtk" path="res://BOMB-TAG/assets/OFFICIAL Building Assets/wall_tsplit.tscn" id="11_jwyjy"]
[ext_resource type="PackedScene" uid="uid://u4dnfxwalj5k" path="res://BOMB-TAG/assets/OFFICIAL Building Assets/ceiling.tscn" id="12_diokj"]
[ext_resource type="PackedScene" uid="uid://dh2s0jhac7t2d" path="res://BOMB-TAG/assets/OFFICIAL Building Assets/floor_wood.tscn" id="13_7tkac"]
[ext_resource type="PackedScene" path="res://Global Assets/OFFICIAL Building Assets/barrel.tscn" id="13_to046"]
[ext_resource type="PackedScene" path="res://Global Assets/OFFICIAL Building Assets/torch.tscn" id="14_h6o1d"]
[ext_resource type="PackedScene" uid="uid://dxak4yse752ic" path="res://BOMB-TAG/assets/OFFICIAL Building Assets/half_wall.tscn" id="16_4nlbu"]
[ext_resource type="PackedScene" path="res://Global Assets/OFFICIAL Building Assets/coinstack.tscn" id="16_qjqjm"]
[ext_resource type="PackedScene" uid="uid://bxtrgi11wsx6e" path="res://BOMB-TAG/assets/OFFICIAL Building Assets/half_wall_corner.tscn" id="17_stgal"]
[ext_resource type="PackedScene" uid="uid://drrtatnx6no77" path="res://BOMB-TAG/assets/OFFICIAL Building Assets/wall_half_endcap.tscn" id="18_d67ae"]
[ext_resource type="PackedScene" uid="uid://6rw5x45y5vhi" path="res://BOMB-TAG/assets/OFFICIAL Building Assets/pillar.tscn" id="19_wsqcs"]

[sub_resource type="ProceduralSkyMaterial" id="ProceduralSkyMaterial_c6ybj"]
sky_top_color = Color(0.165718, 0.464165, 0.722672, 1)
sky_horizon_color = Color(0.591429, 0.658291, 0.713918, 1)
ground_horizon_color = Color(0.591429, 0.658291, 0.713918, 1)

[sub_resource type="Sky" id="Sky_esas4"]
sky_material = SubResource("ProceduralSkyMaterial_c6ybj")

[sub_resource type="Environment" id="Environment_o76nu"]
background_mode = 2
sky = SubResource("Sky_esas4")
tonemap_mode = 2

[node name="Lobby" type="Node3D"]

[node name="DirectionalLight3D" type="DirectionalLight3D" parent="."]
transform = Transform3D(-0.680721, -0.472825, 0.559513, 0, 0.763796, 0.645458, -0.732543, 0.439377, -0.519932, 0, 0, 0)
light_color = Color(0.717647, 0.8, 0.796078, 1)
light_energy = 2.263
shadow_enabled = true

[node name="WorldEnvironment" type="WorldEnvironment" parent="."]
environment = SubResource("Environment_o76nu")

[node name="Floor" type="CSGBox3D" parent="."]
transform = Transform3D(1, 0, 0, 0, -4.37114e-08, -1, 0, 1, -4.37114e-08, -11.875, -0.5, 13.775)
visible = false
use_collision = true
size = Vector3(34.25, 28.75, 1)

[node name="Player" parent="." instance=ExtResource("1_mqm61")]
transform = Transform3D(-0.5, 0, -0.866025, 0, 1, 0, 0.866025, 0, -0.5, -24.0063, 0.526559, 1.80674)
can_move = true
can_sprint = true
can_freefly = true

[node name="Parkour" type="Node" parent="."]

[node name="wall_half_endcap2" parent="Parkour" instance=ExtResource("2_73ap0")]
transform = Transform3D(-4.37114e-08, -1, -1.49161e-15, -4.47035e-08, 8.88178e-16, 1, -1, 4.37114e-08, -4.47035e-08, 4.75, 1, 18)
visible = false

[node name="wall_half_endcap3" parent="Parkour" instance=ExtResource("2_73ap0")]
transform = Transform3D(-0.633022, -0.766044, 0.111619, -0.173648, 5.96046e-08, -0.984808, 0.754407, -0.642788, -0.133022, 2.75, 6.5, 25)
visible = false

[node name="wall_half_endcap4" parent="Parkour" instance=ExtResource("2_73ap0")]
transform = Transform3D(-4.37114e-08, -1, -1.49161e-15, -4.47035e-08, 8.88178e-16, 1, -1, 4.37114e-08, -4.47035e-08, 4.75, 3, 20)
visible = false

[node name="wall_half_endcap5" parent="Parkour" instance=ExtResource("2_73ap0")]
transform = Transform3D(-0.984808, -0.173648, -4.40243e-08, -4.47035e-08, -6.50192e-16, 1, -0.173648, 0.984808, -7.76266e-09, -2.75, 13.25, 17)
visible = false

[node name="wall_half_endcap6" parent="Parkour" instance=ExtResource("2_73ap0")]
transform = Transform3D(-4.37114e-08, -1, -1.49161e-15, -4.47035e-08, 8.88178e-16, 1, -1, 4.37114e-08, -4.47035e-08, 4.75, 2.25, 18)
visible = false

[node name="wall_half_endcap7" parent="Parkour" instance=ExtResource("2_73ap0")]
transform = Transform3D(-4.37114e-08, -1, -1.49161e-15, -4.47035e-08, 8.88178e-16, 1, -1, 4.37114e-08, -4.47035e-08, 4.75, 6.5, 18)
visible = false

[node name="wall_half_endcap9" parent="Parkour" instance=ExtResource("2_73ap0")]
transform = Transform3D(0.642788, -0.766045, 2.87348e-08, -4.47035e-08, -7.81051e-16, 1, -0.766045, -0.642788, -3.42449e-08, 0.5, 8.75, 24.5)
visible = false

[node name="wall_half_endcap10" parent="Parkour" instance=ExtResource("2_73ap0")]
transform = Transform3D(0.5, -0.866025, -2.11945e-08, -5.02752e-08, -6.72057e-10, 1, -0.866025, -0.5, -5.14248e-08, 4.75, 4.75, 22.25)
visible = false

[node name="stairs" parent="Parkour" instance=ExtResource("3_s0jrv")]
transform = Transform3D(0.34202, 0, -0.939693, 0, 1, 0, 0.939693, 0, 0.34202, 1.5, 0, 20.75)
visible = false

[node name="CSGCylinder3D" type="CSGCylinder3D" parent="Parkour"]
transform = Transform3D(0.939693, 0, 0.34202, 0, 1, 0, -0.34202, 0, 0.939693, -2, 16.5, 19.5)
visible = false
use_collision = true
radius = 9.25
height = 33.0

[node name="CSGCylinder3D2" type="CSGCylinder3D" parent="Parkour/CSGCylinder3D"]
transform = Transform3D(1, 0, 0, 0, 1, 0, 0, 0, 1, 0, 0.25, 0)
operation = 2
radius = 7.25
height = 34.0

[node name="CSGBox3D" type="CSGBox3D" parent="Parkour/CSGCylinder3D"]
transform = Transform3D(0.939697, 0, -0.342021, 0, 1, 0, 0.342021, 0, 0.939697, 2.78005, -14.5, -6.59862)
operation = 2
size = Vector3(5.75, 4, 3)

[node name="LobbyRoom1" type="Node" parent="."]

[node name="Build" type="Node" parent="LobbyRoom1"]

[node name="Lighting" type="Node" parent="LobbyRoom1/Build"]

[node name="torch1" parent="LobbyRoom1/Build/Lighting" instance=ExtResource("14_h6o1d")]
transform = Transform3D(-4.37114e-08, 0, 1, 0, 1, 0, -1, 0, -4.37114e-08, -25.1319, 1.7195, 3.96152)

[node name="OmniLight3D" type="OmniLight3D" parent="LobbyRoom1/Build/Lighting/torch1"]
transform = Transform3D(1, -1.49502e-08, 2.63612e-09, 1.49502e-08, 0.939693, -0.34202, 2.63612e-09, 0.34202, 0.939693, 0, 0.689168, 0.342449)
light_color = Color(0.730085, 0.407925, 0.248344, 1)
omni_range = 14.0
omni_attenuation = 1.5

[node name="torch2" parent="LobbyRoom1/Build/Lighting" instance=ExtResource("14_h6o1d")]
transform = Transform3D(-4.37114e-08, 0, -1, 0, 1, 0, 1, 0, -4.37114e-08, -9.75, 1.7, 5.19774)

[node name="OmniLight3D" type="OmniLight3D" parent="LobbyRoom1/Build/Lighting/torch2"]
transform = Transform3D(1, -1.49502e-08, 2.63612e-09, 1.49502e-08, 0.939693, -0.34202, 2.63612e-09, 0.34202, 0.939693, 0, 0.689168, 0.342449)
light_color = Color(0.730085, 0.407925, 0.248344, 1)
omni_range = 14.0
omni_attenuation = 1.5

[node name="torch6" parent="LobbyRoom1/Build/Lighting" instance=ExtResource("14_h6o1d")]
transform = Transform3D(-4.37114e-08, 0, -1, 0, 1, 0, 1, 0, -4.37114e-08, -9.75, 1.7, 1.44774)

[node name="OmniLight3D" type="OmniLight3D" parent="LobbyRoom1/Build/Lighting/torch6"]
transform = Transform3D(1, -1.49502e-08, 2.63612e-09, 1.49502e-08, 0.939693, -0.34202, 2.63612e-09, 0.34202, 0.939693, 0, 0.689168, 0.342449)
light_color = Color(0.730085, 0.407925, 0.248344, 1)
omni_range = 14.0
omni_attenuation = 1.5

[node name="torch3" parent="LobbyRoom1/Build/Lighting" instance=ExtResource("14_h6o1d")]
transform = Transform3D(1, 0, 0, 0, 1, 0, 0, 0, 1, -17.7511, 1.7, 0.25)

[node name="OmniLight3D" type="OmniLight3D" parent="LobbyRoom1/Build/Lighting/torch3"]
transform = Transform3D(1, -1.49502e-08, 2.63612e-09, 1.49502e-08, 0.939693, -0.34202, 2.63612e-09, 0.34202, 0.939693, 0, 0.689168, 0.342449)
light_color = Color(0.730085, 0.407925, 0.248344, 1)
omni_range = 14.0
omni_attenuation = 1.5

[node name="torch4" parent="LobbyRoom1/Build/Lighting" instance=ExtResource("14_h6o1d")]
transform = Transform3D(-1, 0, -8.74228e-08, 0, 1, 0, 8.74228e-08, 0, -1, -19, 1.7, 10.75)

[node name="OmniLight3D" type="OmniLight3D" parent="LobbyRoom1/Build/Lighting/torch4"]
transform = Transform3D(1, -1.49502e-08, 2.63612e-09, 1.49502e-08, 0.939693, -0.34202, 2.63612e-09, 0.34202, 0.939693, 0, 0.689168, 0.342449)
light_color = Color(0.730085, 0.407925, 0.248344, 1)
omni_range = 14.0
omni_attenuation = 1.5

[node name="torch5" parent="LobbyRoom1/Build/Lighting" instance=ExtResource("14_h6o1d")]
transform = Transform3D(-1, 0, -8.74228e-08, 0, 1, 0, 8.74228e-08, 0, -1, -16, 1.7, 10.75)

[node name="OmniLight3D" type="OmniLight3D" parent="LobbyRoom1/Build/Lighting/torch5"]
transform = Transform3D(1, -1.49502e-08, 2.63612e-09, 1.49502e-08, 0.939693, -0.34202, 2.63612e-09, 0.34202, 0.939693, 0, 0.689168, 0.342449)
light_color = Color(0.730085, 0.407925, 0.248344, 1)
shadow_bias = 4.1
omni_range = 14.0
omni_attenuation = 1.5

[node name="Walls" type="Node" parent="LobbyRoom1/Build"]

[node name="wall2" parent="LobbyRoom1/Build/Walls" instance=ExtResource("4_2a04k")]
transform = Transform3D(1, 0, 0, 0, 1, 0, 0, 0, 1, -21.5, 0, 11)

[node name="wall4" parent="LobbyRoom1/Build/Walls" instance=ExtResource("4_2a04k")]
transform = Transform3D(1, 0, 0, 0, 1, 0, 0, 0, 1, -13.5, 0, 11)

[node name="wall_corner" parent="LobbyRoom1/Build/Walls" instance=ExtResource("5_yoxcw")]
transform = Transform3D(-1, 0, 8.74228e-08, 0, 1, 0, -8.74228e-08, 0, -1, -25.5, 0, 11)

[node name="wall8" parent="LobbyRoom1/Build/Walls" instance=ExtResource("4_2a04k")]
transform = Transform3D(-1, 0, -8.74228e-08, 0, 1, 0, 8.74228e-08, 0, -1, -17.5, 0, 2.38419e-07)

[node name="wall_corner4" parent="LobbyRoom1/Build/Walls" instance=ExtResource("5_yoxcw")]
transform = Transform3D(-4.37114e-08, 0, 1, 0, 1, 0, -1, 0, -4.37114e-08, -25.5, 0, 9.53674e-07)

[node name="wall_corner2" parent="LobbyRoom1/Build/Walls" instance=ExtResource("5_yoxcw")]
transform = Transform3D(1, 0, -2.13163e-14, 0, 1, 0, 2.13163e-14, 0, 1, 6.5, 0, 9.53674e-07)

[node name="wall_corner5" parent="LobbyRoom1/Build/Walls" instance=ExtResource("5_yoxcw")]
transform = Transform3D(1.31134e-07, 0, -1, 0, 1, 0, 1, 0, 1.31134e-07, 6.5, 0, 11)

[node name="wall_doorway_open1" parent="LobbyRoom1/Build/Walls" instance=ExtResource("6_upmvo")]
transform = Transform3D(-4.37114e-08, 0, 1, 0, 1, 0, -1, 0, -4.37114e-08, -9.5, 0, 7)

[node name="wall_archedwindow_gated" parent="LobbyRoom1/Build/Walls" instance=ExtResource("7_u6s5w")]
transform = Transform3D(-4.37114e-08, 0, 1, 0, 1, 0, -1, 0, -4.37114e-08, -9.5, 0, 3.5)

[node name="wall_archedwindow_gated2" parent="LobbyRoom1/Build/Walls" instance=ExtResource("7_u6s5w")]
transform = Transform3D(-1, 0, -8.74228e-08, 0, 1, 0, 8.74228e-08, 0, -1, -17.5, 0, 11)

[node name="wall_window_closed" parent="LobbyRoom1/Build/Walls" instance=ExtResource("8_ej7tj")]
transform = Transform3D(-1, 0, 8.74228e-08, 0, 1, 0, -8.74228e-08, 0, -1, -13.5, 0, 0)

[node name="wall_window_closed2" parent="LobbyRoom1/Build/Walls" instance=ExtResource("8_ej7tj")]
transform = Transform3D(-4.37114e-08, 0, -1, 0, 1, 0, 1, 0, -4.37114e-08, -25.5, 0, 7.5)

[node name="wall_arched" parent="LobbyRoom1/Build/Walls" instance=ExtResource("9_for5q")]
transform = Transform3D(1, 0, 0, 0, 1, 0, 0, 0, 1, -21.5, 0, 0)

[node name="wall_cracked2" parent="LobbyRoom1/Build/Walls" instance=ExtResource("10_3g10a")]
transform = Transform3D(-4.37114e-08, 0, 1, 0, 1, 0, -1, 0, -4.37114e-08, -25.5, 0, 4)

[node name="wall_tsplit" parent="LobbyRoom1/Build/Walls" instance=ExtResource("11_jwyjy")]
transform = Transform3D(1, 0, 0, 0, 1, 0, 0, 0, 1, -9.5, 0, 0)

[node name="wall_tsplit2" parent="LobbyRoom1/Build/Walls" instance=ExtResource("11_jwyjy")]
transform = Transform3D(-1, 0, -8.74228e-08, 0, 1, 0, 8.74228e-08, 0, -1, -9.5, 0, 11)

[node name="Ceiling" type="Node" parent="LobbyRoom1/Build"]

[node name="ceiling3" parent="LobbyRoom1/Build/Ceiling" instance=ExtResource("12_diokj")]
transform = Transform3D(-4.37114e-08, 0, 1, 0, 1, 0, -1, 0, -4.37114e-08, -23.75, 4, 5.5)

[node name="ceiling5" parent="LobbyRoom1/Build/Ceiling" instance=ExtResource("12_diokj")]
transform = Transform3D(-4.37114e-08, 0, 1, 0, 1, 0, -1, 0, -4.37114e-08, -23.75, 4, 1.5)

[node name="ceiling4" parent="LobbyRoom1/Build/Ceiling" instance=ExtResource("12_diokj")]
transform = Transform3D(-4.37114e-08, 0, 1, 0, 1, 0, -1, 0, -4.37114e-08, -23.75, 4, 9.5)

[node name="ceiling6" parent="LobbyRoom1/Build/Ceiling" instance=ExtResource("12_diokj")]
transform = Transform3D(-4.37114e-08, 0, 1, 0, 1, 0, -1, 0, -4.37114e-08, -19.75, 4, 5.5)

[node name="ceiling7" parent="LobbyRoom1/Build/Ceiling" instance=ExtResource("12_diokj")]
transform = Transform3D(-4.37114e-08, 0, 1, 0, 1, 0, -1, 0, -4.37114e-08, -19.75, 4, 1.5)

[node name="ceiling8" parent="LobbyRoom1/Build/Ceiling" instance=ExtResource("12_diokj")]
transform = Transform3D(-4.37114e-08, 0, 1, 0, 1, 0, -1, 0, -4.37114e-08, -19.75, 4, 9.5)

[node name="ceiling9" parent="LobbyRoom1/Build/Ceiling" instance=ExtResource("12_diokj")]
transform = Transform3D(-4.37114e-08, 0, 1, 0, 1, 0, -1, 0, -4.37114e-08, -15.75, 4, 5.5)

[node name="ceiling10" parent="LobbyRoom1/Build/Ceiling" instance=ExtResource("12_diokj")]
transform = Transform3D(-4.37114e-08, 0, 1, 0, 1, 0, -1, 0, -4.37114e-08, -15.75, 4, 1.5)

[node name="ceiling11" parent="LobbyRoom1/Build/Ceiling" instance=ExtResource("12_diokj")]
transform = Transform3D(-4.37114e-08, 0, 1, 0, 1, 0, -1, 0, -4.37114e-08, -15.75, 4, 9.5)

[node name="ceiling12" parent="LobbyRoom1/Build/Ceiling" instance=ExtResource("12_diokj")]
transform = Transform3D(-4.37114e-08, 0, 1, 0, 1, 0, -1, 0, -4.37114e-08, -11.75, 4, 5.5)

[node name="ceiling13" parent="LobbyRoom1/Build/Ceiling" instance=ExtResource("12_diokj")]
transform = Transform3D(-4.37114e-08, 0, 1, 0, 1, 0, -1, 0, -4.37114e-08, -11.75, 4, 1.5)

[node name="ceiling14" parent="LobbyRoom1/Build/Ceiling" instance=ExtResource("12_diokj")]
transform = Transform3D(-4.37114e-08, 0, 1, 0, 1, 0, -1, 0, -4.37114e-08, -11.75, 4, 9.5)

[node name="Floor" type="Node" parent="LobbyRoom1/Build"]

[node name="floor_wood" parent="LobbyRoom1/Build/Floor" instance=ExtResource("13_7tkac")]
transform = Transform3D(1, 0, 0, 0, 1, 0, 0, 0, 1, -11.2451, 2.38419e-07, 8.54132)

[node name="floor_wood2" parent="LobbyRoom1/Build/Floor" instance=ExtResource("13_7tkac")]
transform = Transform3D(1, 0, 0, 0, 1, 0, 0, 0, 1, -11.2451, 2.38419e-07, 4.54132)

[node name="floor_wood3" parent="LobbyRoom1/Build/Floor" instance=ExtResource("13_7tkac")]
transform = Transform3D(1, 0, 0, 0, 1, 0, 0, 0, 1, -11.2451, 2.38419e-07, 0.541321)

[node name="floor_wood7" parent="LobbyRoom1/Build/Floor" instance=ExtResource("13_7tkac")]
transform = Transform3D(1, 0, 0, 0, 1, 0, 0, 0, 1, -15.2451, 2.38419e-07, 8.54132)

[node name="floor_wood8" parent="LobbyRoom1/Build/Floor" instance=ExtResource("13_7tkac")]
transform = Transform3D(1, 0, 0, 0, 1, 0, 0, 0, 1, -15.2451, 2.38419e-07, 4.54132)

[node name="floor_wood9" parent="LobbyRoom1/Build/Floor" instance=ExtResource("13_7tkac")]
transform = Transform3D(1, 0, 0, 0, 1, 0, 0, 0, 1, -15.2451, 2.38419e-07, 0.541321)

[node name="floor_wood10" parent="LobbyRoom1/Build/Floor" instance=ExtResource("13_7tkac")]
transform = Transform3D(1, 0, 0, 0, 1, 0, 0, 0, 1, -19.2451, 2.38419e-07, 8.54132)

[node name="floor_wood11" parent="LobbyRoom1/Build/Floor" instance=ExtResource("13_7tkac")]
transform = Transform3D(1, 0, 0, 0, 1, 0, 0, 0, 1, -19.2451, 2.38419e-07, 4.54132)

[node name="floor_wood12" parent="LobbyRoom1/Build/Floor" instance=ExtResource("13_7tkac")]
transform = Transform3D(1, 0, 0, 0, 1, 0, 0, 0, 1, -19.2451, 2.38419e-07, 0.541321)

[node name="floor_wood13" parent="LobbyRoom1/Build/Floor" instance=ExtResource("13_7tkac")]
transform = Transform3D(1, 0, 0, 0, 1, 0, 0, 0, 1, -23.2451, 2.38419e-07, 8.54132)

[node name="floor_wood14" parent="LobbyRoom1/Build/Floor" instance=ExtResource("13_7tkac")]
transform = Transform3D(1, 0, 0, 0, 1, 0, 0, 0, 1, -23.2451, 2.38419e-07, 4.54132)

[node name="floor_wood15" parent="LobbyRoom1/Build/Floor" instance=ExtResource("13_7tkac")]
transform = Transform3D(1, 0, 0, 0, 1, 0, 0, 0, 1, -23.2451, 2.38419e-07, 0.541321)

[node name="Misc_" type="Node" parent="LobbyRoom1"]

[node name="wall7" parent="LobbyRoom1/Misc_" instance=ExtResource("4_2a04k")]
transform = Transform3D(-4.37114e-08, 0, 1, 0, 1, 0, -1, 0, -4.37114e-08, -20, 0, 13.5)

[node name="wall9" parent="LobbyRoom1/Misc_" instance=ExtResource("4_2a04k")]
transform = Transform3D(-4.37114e-08, 0, 1, 0, 1, 0, -1, 0, -4.37114e-08, -15, 0, 13.5)

[node name="wall10" parent="LobbyRoom1/Misc_" instance=ExtResource("4_2a04k")]
transform = Transform3D(1, 0, 0, 0, 1, 0, 0, 0, 1, -17.5, 0, 17.5)

[node name="wall_corner3" parent="LobbyRoom1/Misc_" instance=ExtResource("5_yoxcw")]
transform = Transform3D(-4.37114e-08, 0, -1, 0, 1, 0, 1, 0, -4.37114e-08, -15, 0, 17.5)

[node name="wall_corner5" parent="LobbyRoom1/Misc_" instance=ExtResource("5_yoxcw")]
transform = Transform3D(-1, 0, 8.74228e-08, 0, 1, 0, -8.74228e-08, 0, -1, -20, 0, 17.5)

[node name="barrel" parent="LobbyRoom1/Misc_" instance=ExtResource("13_to046")]
transform = Transform3D(1, 0, 0, 0, 1, 0, 0, 0, 1, -16.3313, -1.78814e-07, 16.2003)

[node name="ceiling15" parent="LobbyRoom1/Misc_" instance=ExtResource("12_diokj")]
transform = Transform3D(-4.37114e-08, 0, 1, 0, 1, 0, -1, 0, -4.37114e-08, -20.25, 4, 13.5)

[node name="ceiling16" parent="LobbyRoom1/Misc_" instance=ExtResource("12_diokj")]
transform = Transform3D(-4.37114e-08, 0, 1, 0, 1, 0, -1, 0, -4.37114e-08, -16.25, 4, 13.5)

[node name="ceiling17" parent="LobbyRoom1/Misc_" instance=ExtResource("12_diokj")]
transform = Transform3D(-4.37114e-08, 0, 1, 0, 1, 0, -1, 0, -4.37114e-08, -20.25, 4, 17.5)

[node name="ceiling18" parent="LobbyRoom1/Misc_" instance=ExtResource("12_diokj")]
transform = Transform3D(-4.37114e-08, 0, 1, 0, 1, 0, -1, 0, -4.37114e-08, -16.25, 4, 17.5)

[node name="floor_wood16" parent="LobbyRoom1/Misc_" instance=ExtResource("13_7tkac")]
transform = Transform3D(1, 0, 0, 0, 1, 0, 0, 0, 1, -15.7451, 2.38419e-07, 12.5413)

[node name="floor_wood17" parent="LobbyRoom1/Misc_" instance=ExtResource("13_7tkac")]
transform = Transform3D(1, 0, 0, 0, 1, 0, 0, 0, 1, -19.7451, 2.38419e-07, 12.5413)

[node name="floor_wood18" parent="LobbyRoom1/Misc_" instance=ExtResource("13_7tkac")]
transform = Transform3D(1, 0, 0, 0, 1, 0, 0, 0, 1, -15.7451, 2.38419e-07, 16.5413)

[node name="floor_wood19" parent="LobbyRoom1/Misc_" instance=ExtResource("13_7tkac")]
transform = Transform3D(1, 0, 0, 0, 1, 0, 0, 0, 1, -19.7451, 2.38419e-07, 16.5413)

[node name="coinstack" parent="LobbyRoom1/Misc_" instance=ExtResource("16_qjqjm")]
transform = Transform3D(0.738606, 0, 0.130236, 0, 0.75, 0, -0.130236, 0, 0.738606, -16.341, 1.91317, 16.1578)

[node name="barrel2" parent="LobbyRoom1/Misc_" instance=ExtResource("13_to046")]
transform = Transform3D(-0.0040317, 0, 0.499984, 0, 0.5, 0, -0.499984, 0, -0.0040317, -18.8889, -1.78814e-07, 11.9739)

[node name="coinstack4" parent="LobbyRoom1/Misc_" instance=ExtResource("16_qjqjm")]
transform = Transform3D(-0.0907916, 0, 0.491688, 0, 0.5, 0, -0.491688, 0, -0.0907916, -18.9313, 0.986423, 11.9839)

[node name="coinstack2" parent="LobbyRoom1/Misc_" instance=ExtResource("16_qjqjm")]
transform = Transform3D(1.5, 0, 0, 0, 1.5, 0, 0, 0, 1.5, -18.6529, 0.0700002, 15.5094)

[node name="coinstack3" parent="LobbyRoom1/Misc_" instance=ExtResource("16_qjqjm")]
transform = Transform3D(0.988372, 0, -0.152054, 0, 1, 0, 0.152054, 0, 0.988372, -16.5553, 0.0700002, 13.6928)

[node name="torch6" parent="LobbyRoom1/Misc_" instance=ExtResource("14_h6o1d")]
transform = Transform3D(-1, 0, -8.74228e-08, 0, 1, 0, 8.74228e-08, 0, -1, -17.5, 2.3, 17.25)

[node name="OmniLight3D" type="OmniLight3D" parent="LobbyRoom1/Misc_/torch6"]
transform = Transform3D(1, -1.49502e-08, 2.63612e-09, 1.49502e-08, 0.939693, -0.34202, 2.63612e-09, 0.34202, 0.939693, 0, 0.689168, 0.342449)
light_color = Color(0.730085, 0.407925, 0.248344, 1)
omni_range = 14.0
omni_attenuation = 1.5

[node name="LobbyRoom2" type="Node" parent="."]

[node name="Build" type="Node" parent="LobbyRoom2"]

[node name="Railing" type="Node" parent="LobbyRoom2/Build"]

[node name="wall" parent="LobbyRoom2/Build/Railing" instance=ExtResource("16_4nlbu")]
transform = Transform3D(1, 0, 0, 0, 1, 0, 0, 0, 1, -1.5, 4, 0)

[node name="wall2" parent="LobbyRoom2/Build/Railing" instance=ExtResource("16_4nlbu")]
transform = Transform3D(1, 0, 0, 0, 1, 0, 0, 0, 1, -5.5, 4, 0)

[node name="wall5" parent="LobbyRoom2/Build/Railing" instance=ExtResource("16_4nlbu")]
transform = Transform3D(-4.37114e-08, 0, -1, 0, 1, 0, 1, 0, -4.37114e-08, -9.5, 4, 8)

[node name="wall6" parent="LobbyRoom2/Build/Railing" instance=ExtResource("16_4nlbu")]
transform = Transform3D(-4.37114e-08, 0, -1, 0, 1, 0, 1, 0, -4.37114e-08, -9.5, 4, 4)

[node name="wall3" parent="LobbyRoom2/Build/Railing" instance=ExtResource("16_4nlbu")]
transform = Transform3D(1, 0, 0, 0, 1, 0, 0, 0, 1, 6.5, 4, 0)

[node name="wall4" parent="LobbyRoom2/Build/Railing" instance=ExtResource("16_4nlbu")]
transform = Transform3D(1, 0, 0, 0, 1, 0, 0, 0, 1, 2.5, 4, 0)

[node name="wall8" parent="LobbyRoom2/Build/Railing" instance=ExtResource("16_4nlbu")]
transform = Transform3D(1, 0, 0, 0, 1, 0, 0, 0, 1, -5.5, 4, 11)

[node name="wall9" parent="LobbyRoom2/Build/Railing" instance=ExtResource("16_4nlbu")]
transform = Transform3D(1, 0, 0, 0, 1, 0, 0, 0, 1, 7.25, 4, 11)

[node name="wall10" parent="LobbyRoom2/Build/Railing" instance=ExtResource("16_4nlbu")]
transform = Transform3D(1, 0, 0, 0, 1, 0, 0, 0, 1, 3.25, 4, 11)

[node name="wall_corner" parent="LobbyRoom2/Build/Railing" instance=ExtResource("17_stgal")]
transform = Transform3D(-4.37114e-08, 0, 1, 0, 1, 0, -1, 0, -4.37114e-08, -9.5, 4, 0)

[node name="wall_corner2" parent="LobbyRoom2/Build/Railing" instance=ExtResource("17_stgal")]
transform = Transform3D(-1, 0, -8.74228e-08, 0, 1, 0, 8.74228e-08, 0, -1, -9.5, 4, 11)

[node name="Ceiling" type="Node" parent="LobbyRoom2/Build"]

[node name="ceiling3" parent="LobbyRoom2/Build/Ceiling" instance=ExtResource("12_diokj")]
transform = Transform3D(-4.10753e-08, 0.34202, 0.939693, 1.49502e-08, 0.939693, -0.34202, -1, 0, -4.37114e-08, -8.26754, 9.98616, 5.5)

[node name="ceiling5" parent="LobbyRoom2/Build/Ceiling" instance=ExtResource("12_diokj")]
transform = Transform3D(-4.10753e-08, 0.34202, 0.939693, 1.49502e-08, 0.939693, -0.34202, -1, 0, -4.37114e-08, -8.26754, 9.98616, 1.5)

[node name="ceiling4" parent="LobbyRoom2/Build/Ceiling" instance=ExtResource("12_diokj")]
transform = Transform3D(-4.10753e-08, 0.34202, 0.939693, 1.49502e-08, 0.939693, -0.34202, -1, 0, -4.37114e-08, -8.26754, 9.98616, 9.5)

[node name="ceiling6" parent="LobbyRoom2/Build/Ceiling" instance=ExtResource("12_diokj")]
transform = Transform3D(-4.10753e-08, 0.34202, 0.939693, 1.49502e-08, 0.939693, -0.34202, -1, 0, -4.37114e-08, -4.50877, 8.61808, 5.5)

[node name="ceiling7" parent="LobbyRoom2/Build/Ceiling" instance=ExtResource("12_diokj")]
transform = Transform3D(-4.10753e-08, 0.34202, 0.939693, 1.49502e-08, 0.939693, -0.34202, -1, 0, -4.37114e-08, -4.50877, 8.61808, 1.5)

[node name="ceiling8" parent="LobbyRoom2/Build/Ceiling" instance=ExtResource("12_diokj")]
transform = Transform3D(-4.10753e-08, 0.34202, 0.939693, 1.49502e-08, 0.939693, -0.34202, -1, 0, -4.37114e-08, -4.50877, 8.61808, 9.5)

[node name="ceiling9" parent="LobbyRoom2/Build/Ceiling" instance=ExtResource("12_diokj")]
transform = Transform3D(-4.10753e-08, 0.34202, 0.939693, 1.49502e-08, 0.939693, -0.34202, -1, 0, -4.37114e-08, -0.75, 7.25, 5.5)

[node name="ceiling10" parent="LobbyRoom2/Build/Ceiling" instance=ExtResource("12_diokj")]
transform = Transform3D(-4.10753e-08, 0.34202, 0.939693, 1.49502e-08, 0.939693, -0.34202, -1, 0, -4.37114e-08, -0.75, 7.25, 1.5)

[node name="ceiling11" parent="LobbyRoom2/Build/Ceiling" instance=ExtResource("12_diokj")]
transform = Transform3D(-4.10753e-08, 0.34202, 0.939693, 1.49502e-08, 0.939693, -0.34202, -1, 0, -4.37114e-08, -0.75, 7.25, 9.5)

[node name="ceiling12" parent="LobbyRoom2/Build/Ceiling" instance=ExtResource("12_diokj")]
transform = Transform3D(-4.10753e-08, 0.34202, 0.939693, 1.49502e-08, 0.939693, -0.34202, -1, 0, -4.37114e-08, 3.00877, 5.88192, 5.5)

[node name="ceiling13" parent="LobbyRoom2/Build/Ceiling" instance=ExtResource("12_diokj")]
transform = Transform3D(-4.10753e-08, 0.34202, 0.939693, 1.49502e-08, 0.939693, -0.34202, -1, 0, -4.37114e-08, 3.00877, 5.88192, 1.5)

[node name="ceiling14" parent="LobbyRoom2/Build/Ceiling" instance=ExtResource("12_diokj")]
transform = Transform3D(-4.10753e-08, 0.34202, 0.939693, 1.49502e-08, 0.939693, -0.34202, -1, 0, -4.37114e-08, 3.00877, 5.88192, 9.5)

[node name="ceiling15" parent="LobbyRoom2/Build/Ceiling" instance=ExtResource("12_diokj")]
transform = Transform3D(-4.10753e-08, 0.34202, 0.939693, 1.49502e-08, 0.939693, -0.34202, -1, 0, -4.37114e-08, 6.76754, 4.51384, 5.5)

[node name="ceiling16" parent="LobbyRoom2/Build/Ceiling" instance=ExtResource("12_diokj")]
transform = Transform3D(-4.10753e-08, 0.34202, 0.939693, 1.49502e-08, 0.939693, -0.34202, -1, 0, -4.37114e-08, 6.76754, 4.51384, 1.5)

[node name="ceiling17" parent="LobbyRoom2/Build/Ceiling" instance=ExtResource("12_diokj")]
transform = Transform3D(-4.10753e-08, 0.34202, 0.939693, 1.49502e-08, 0.939693, -0.34202, -1, 0, -4.37114e-08, 6.76754, 4.51384, 9.5)

[node name="pillar" parent="LobbyRoom2/Build/Ceiling" instance=ExtResource("19_wsqcs")]
transform = Transform3D(1, 0, 0, 0, 1, 0, 0, 0, 1, -9.5, 6, 0)

[node name="pillar2" parent="LobbyRoom2/Build/Ceiling" instance=ExtResource("19_wsqcs")]
transform = Transform3D(1, 0, 0, 0, 1, 0, 0, 0, 1, -9.5, 10, 0)

[node name="pillar3" parent="LobbyRoom2/Build/Ceiling" instance=ExtResource("19_wsqcs")]
transform = Transform3D(1, 0, 0, 0, 1, 0, 0, 0, 1, -9.5, 6, 11)

[node name="pillar4" parent="LobbyRoom2/Build/Ceiling" instance=ExtResource("19_wsqcs")]
transform = Transform3D(1, 0, 0, 0, 1, 0, 0, 0, 1, -9.5, 10, 11)

[node name="Walls" type="Node" parent="LobbyRoom2/Build"]

[node name="wall10" parent="LobbyRoom2/Build/Walls" instance=ExtResource("4_2a04k")]
transform = Transform3D(-1, 0, -8.74228e-08, 0, 1, 0, 8.74228e-08, 0, -1, 3.25, 0, 11)

[node name="wall9" parent="LobbyRoom2/Build/Walls" instance=ExtResource("4_2a04k")]
transform = Transform3D(-1, 0, -8.74228e-08, 0, 1, 0, 8.74228e-08, 0, -1, -5.5, 0, 11)

[node name="wall_window_closed2" parent="LobbyRoom2/Build/Walls" instance=ExtResource("8_ej7tj")]
transform = Transform3D(1.19209e-07, 0, 1, 0, 1, 0, -1, 0, 1.19209e-07, 6.5, 0, 4)

[node name="wall_arched" parent="LobbyRoom2/Build/Walls" instance=ExtResource("9_for5q")]
transform = Transform3D(1, 0, 0, 0, 1, 0, 0, 0, 1, -5.5, 0, 0)

[node name="wall_arched3" parent="LobbyRoom2/Build/Walls" instance=ExtResource("9_for5q")]
transform = Transform3D(1, 0, 0, 0, 1, 0, 0, 0, 1, -1.5, 0, 0)

[node name="wall_arched4" parent="LobbyRoom2/Build/Walls" instance=ExtResource("9_for5q")]
transform = Transform3D(1, 0, 0, 0, 1, 0, 0, 0, 1, 2.5, 0, 0)

[node name="wall_arched2" parent="LobbyRoom2/Build/Walls" instance=ExtResource("9_for5q")]
transform = Transform3D(-4.37114e-08, 0, -1, 0, 1, 0, 1, 0, -4.37114e-08, 6.5, 0, 7.5)

[node name="wall_half_endcap" parent="LobbyRoom2/Build/Walls" instance=ExtResource("18_d67ae")]
transform = Transform3D(-1, 0, -8.74228e-08, 0, 1, 0, 8.74228e-08, 0, -1, 1, 0, 11)

[node name="wall_half_endcap2" parent="LobbyRoom2/Build/Walls" instance=ExtResource("18_d67ae")]
transform = Transform3D(-1, 0, -8.74228e-08, 0, 0.5, 0, 8.74228e-08, 0, -1, 1, 4, 11)

[node name="wall_half_endcap3" parent="LobbyRoom2/Build/Walls" instance=ExtResource("18_d67ae")]
transform = Transform3D(1, 0, 0, 0, 1, 0, 0, 0, 1, -3.22525, 0, 11)

[node name="wall_half_endcap4" parent="LobbyRoom2/Build/Walls" instance=ExtResource("18_d67ae")]
transform = Transform3D(1, 0, 0, 0, 0.5, 0, 0, 0, 1, -3.22525, 4, 11)

[node name="Floor" type="Node" parent="LobbyRoom2/Build"]

[node name="floor_wood4" parent="LobbyRoom2/Build/Floor" instance=ExtResource("13_7tkac")]
transform = Transform3D(1, 0, 0, 0, 1, 0, 0, 0, 1, 4.75488, 2.38419e-07, 8.54132)

[node name="floor_wood5" parent="LobbyRoom2/Build/Floor" instance=ExtResource("13_7tkac")]
transform = Transform3D(1, 0, 0, 0, 1, 0, 0, 0, 1, 4.75488, 2.38419e-07, 4.54132)

[node name="floor_wood6" parent="LobbyRoom2/Build/Floor" instance=ExtResource("13_7tkac")]
transform = Transform3D(1, 0, 0, 0, 1, 0, 0, 0, 1, 4.75488, 2.38419e-07, 0.541321)

[node name="floor_wood7" parent="LobbyRoom2/Build/Floor" instance=ExtResource("13_7tkac")]
transform = Transform3D(1, 0, 0, 0, 1, 0, 0, 0, 1, 0.754885, 2.38419e-07, 8.54132)

[node name="floor_wood8" parent="LobbyRoom2/Build/Floor" instance=ExtResource("13_7tkac")]
transform = Transform3D(1, 0, 0, 0, 1, 0, 0, 0, 1, 0.754885, 2.38419e-07, 4.54132)

[node name="floor_wood9" parent="LobbyRoom2/Build/Floor" instance=ExtResource("13_7tkac")]
transform = Transform3D(1, 0, 0, 0, 1, 0, 0, 0, 1, 0.754885, 2.38419e-07, 0.541321)

[node name="floor_wood10" parent="LobbyRoom2/Build/Floor" instance=ExtResource("13_7tkac")]
transform = Transform3D(1, 0, 0, 0, 1, 0, 0, 0, 1, -3.24512, 2.38419e-07, 8.54132)

[node name="floor_wood16" parent="LobbyRoom2/Build/Floor" instance=ExtResource("13_7tkac")]
transform = Transform3D(1, 0, 0, 0, 1, 0, 0, 0, 1, 0.754885, 2.38419e-07, 12.5413)

[node name="floor_wood17" parent="LobbyRoom2/Build/Floor" instance=ExtResource("13_7tkac")]
transform = Transform3D(1, 0, 0, 0, 1, 0, 0, 0, 1, -3.24512, 2.38419e-07, 12.5413)

[node name="floor_wood11" parent="LobbyRoom2/Build/Floor" instance=ExtResource("13_7tkac")]
transform = Transform3D(1, 0, 0, 0, 1, 0, 0, 0, 1, -3.24512, 2.38419e-07, 4.54132)

[node name="floor_wood12" parent="LobbyRoom2/Build/Floor" instance=ExtResource("13_7tkac")]
transform = Transform3D(1, 0, 0, 0, 1, 0, 0, 0, 1, -3.24512, 2.38419e-07, 0.541321)

[node name="floor_wood13" parent="LobbyRoom2/Build/Floor" instance=ExtResource("13_7tkac")]
transform = Transform3D(1, 0, 0, 0, 1, 0, 0, 0, 1, -7.24512, 2.38419e-07, 8.54132)

[node name="floor_wood14" parent="LobbyRoom2/Build/Floor" instance=ExtResource("13_7tkac")]
transform = Transform3D(1, 0, 0, 0, 1, 0, 0, 0, 1, -7.24512, 2.38419e-07, 4.54132)

[node name="floor_wood15" parent="LobbyRoom2/Build/Floor" instance=ExtResource("13_7tkac")]
transform = Transform3D(1, 0, 0, 0, 1, 0, 0, 0, 1, -7.24512, 2.38419e-07, 0.541321)
